100
56 19 45 66 83 42 25 45 53 27 12 15 78 77 70 14 89 66 54 86 83 38 92 49 14 75 53 16 77 50 11 93 48 26 69 20 91 75 50 20 45 96 25 27 46 12 57 93 32 78 73 60 22 56 69 68 64 41 62 15 93 83 47 59 53 69 37 63 68 95 48 35 75 46 75 32 91 50 37 94 99 81 53 47 97 52 73 71 69 58 67 75 83 29 76 81 92 11 96 67 14
35 26 11 61 65 62 70 58 65 18 42 52 79 38 64 52 72 70 17 65 83 58 69 65 55 89 63 61 37 84 54 56 17 12 25 89 68 52 88 90 20 63 26 70 44 49 43 62 64 64 58 74 50 92 32 33 37 27 66 65 81 32 49 64 35 69 28 23 42 60 95 28 87 71 51 65 69 93 89 28 55 16 71 22 54 29 35 27 97 51 72 12 69 43 29 68 53 30 73 46 78
35 66 20 82 16 93 76 17 54 21 91 96 10 98 85 19 10 27 69 39 37 56 53 39 13 78 15 35 79 35 25 27 49 24 76 71 82 96 85 17 16 95 19 54 93 97 45 57 15 83 98 64 85 18 40 96 56 50 32 26 90 88 56 71 64 54 12 54 83 29 83 38 47 37 63 51 47 97 58 86 79 54 44 32 61 15 44 79 45 84 37 30 58 44 17 66 91 31 93 54 16
58 87 75 89 39 24 36 90 97 36 62 11 96 12 73 63 13 94 59 79 44 85 30 50 10 62 53 55 76 89 44 38 21 80 81 23 55 86 21 16 94 72 95 93 14 46 88 95 96 32 64 45 69 21 95 45 47 26 70 16 10 30 23 43 18 60 54 78 99 52 90 83 48 39 88 79 72 35 69 95 85 94 62 57 16 89 25 89 40 72 46 94 62 23 96 89 25 62 84 66 12
18 77 57 76 27 24 74 49 56 25 16 92 10 40 80 70 59 38 74 47 34 98 84 29 90 41 23 74 53 98 94 31 13 81 86 74 51 96 16 48 67 10 31 28 19 59 19 41 99 19 89 91 57 97 56 76 74 98 60 84 26 55 24 85 21 25 31 52 41 25 82 42 45 46 95 80 92 26 74 40 66 56 84 32 47 89 31 68 93 53 96 66 16 45 68 37 57 35 31 33 37
19 35 39 68 86 39 30 66 59 38 48 18 47 31 71 61 98 96 34 60 12 51 81 90 68 94 54 68 49 25 23 72 35 62 31 71 90 21 23 84 62 20 71 78 52 73 90 76 41 30 82 77 29 39 32 46 63 21 16 55 19 57 32 37 92 76 94 35 43 81 25 75 44 87 49 36 26 36 13 89 14 97 40 32 78 70 91 38 68 59 37 69 38 18 33 31 70 80 82 36 69
83 67 68 12 14 24 48 28 26 40 95 17 81 85 28 11 37 65 24 65 33 72 82 96 50 64 67 63 61 64 76 60 18 52 88 49 78 37 77 76 67 84 87 89 26 12 65 40 60 77 73 72 35 12 34 88 43 18 82 72 77 78 18 49 83 35 29 29 94 67 20 67 65 61 30 92 87 42 79 80 20 19 48 20 80 66 97 11 84 42 42 91 56 32 21 54 76 62 37 64 88
41 42 33 87 88 98 98 40 68 77 88 19 35 19 91 24 49 80 77 17 79 89 95 91 21 56 46 66 59 64 59 22 50 26 16 58 83 48 53 38 39 89 27 51 71 61 29 20 90 83 70 38 21 42 84 72 60 24 65 43 77 86 45 96 21 72 39 26 80 76 70 50 95 69 18 96 71 97 71 20 22 29 44 48 53 37 79 72 12 30 14 71 17 95 15 76 27 58 63 35 88
89 94 67 64 68 32 83 77 75 78 10 97 40 55 43 53 77 15 37 80 40 76 96 80 84 35 52 41 57 28 77 56 22 90 53 87 43 59 77 46 78 12 90 11 71 35 56 45 42 57 71 27 53 63 36 26 17 86 45 60 96 95 23 84 35 27 22 39 83 53 40 48 83 15 98 12 77 43 85 60 12 93 61 57 97 42 19 53 38 93 96 10 27 98 49 14 48 12 64 86 63
52 65 48 85 36 26 72 12 44 61 42 19 33 14 52 21 85 78 92 12 24 91 18 69 90 36 61 56 96 54 89 43 24 15 70 48 21 53 73 37 93 41 78 32 42 69 43 20 80 89 35 92 58 32 59 88 36 27 81 57 35 93 43 30 83 38 27 26 49 63 47 13 25 17 80 20 28 78 61 45 26 28 22 74 23 35 69 81 72 29 56 77 27 30 49 57 97 31 97 27 33
22 75 75 70 13 24 71 19 57 45 61 52 42 76 28 75 29 40 12 69 35 64 47 60 83 18 32 43 22 87 18 63 79 33 93 23 23 84 66 56 37 85 52 83 17 13 46 12 29 91 31 76 87 83 54 97 76 33 43 60 20 39 75 97 10 23 82 41 59 31 95 89 66 92 16 56 44 24 58 63 23 69 52 84 95 74 69 29 47 11 43 46 35 79 96 46 84 58 64 77 69
22 55 60 25 98 78 65 38 38 17 23 46 61 80 57 32 21 25 64 69 88 38 32 75 12 55 67 62 40 47 91 68 90 28 95 71 74 38 90 75 92 44 27 35 23 92 24 66 52 83 20 21 51 74 59 31 41 33 11 59 50 96 96 72 19 97 36 38 56 59 90 68 97 94 80 42 98 10 67 41 34 29 76 62 48 86 56 50 33 72 91 66 24 42 67 42 68 59 80 98 57
55 54 67 18 98 56 94 14 57 46 22 53 12 58 25 36 97 55 54 30 19 63 45 90 54 72 62 63 99 94 56 57 19 33 21 88 62 47 60 41 64 93 69 84 83 53 47 79 21 60 39 52 39 27 62 69 94 58 92 12 54 61 85 53 73 76 20 30 76 71 63 37 94 72 41 78 73 43 91 75 44 57 99 99 41 42 93 70 28 59 74 55 74 31 85 22 63 14 91 67 56
70 57 88 92 69 27 58 56 69 30 67 57 37 16 26 89 74 82 23 69 85 10 11 16 61 42 94 54 27 64 54 68 26 97 97 68 30 77 51 53 43 48 12 27 37 86 34 76 26 48 75 96 36 45 30 16 52 67 32 35 41 76 32 51 76 99 24 87 74 33 90 27 36 82 24 40 42 94 13 63 92 64 68 79 80 37 80 51 94 34 52 59 51 48 65 12 59 86 57 13 54
66 86 46 69 59 14 37 81 58 68 76 15 94 10 68 98 27 55 80 49 34 96 77 43 96 87 45 55 68 80 25 80 59 10 17 51 13 75 38 77 85 22 35 90 90 14 65 33 48 63 91 37 32 34 78 30 11 75 39 30 77 17 68 93 51 47 14 79 91 45 88 60 60 19 65 64 16 86 31 34 65 74 61 37 99 98 73 50 92 20 74 26 58 28 81 46 58 59 33 72 60
92 31 81 47 40 43 22 52 41 39 77 53 62 25 19 86 58 79 41 64 68 89 46 34 82 40 61 29 32 22 58 78 88 25 37 39 68 47 78 74 67 31 94 56 70 66 78 32 97 14 78 93 46 17 54 46 30 65 19 32 78 50 30 98 81 13 80 79 86 97 71 90 10 22 62 37 57 43 94 76 35 13 39 58 85 82 67 29 58 11 77 79 57 58 56 66 31 59 71 93 55
52 64 71 81 66 48 27 96 56 94 69 94 22 21 42 35 61 83 15 62 78 78 18 29 49 33 13 49 18 23 30 96 25 37 89 12 41 58 25 21 86 82 73 37 22 31 68 21 16 67 16 78 68 22 34 58 93 73 32 17 70 63 58 22 92 68 20 19 46 51 74 84 43 84 19 98 62 27 19 44 52 79 61 80 46 31 93 87 90 92 40 75 33 96 40 19 70 28 20 86 79
93 29 15 71 60 55 72 48 83 52 63 14 14 77 89 41 80 56 24 61 86 40 55 49 53 31 50 28 33 79 89 60 52 93 76 81 68 25 61 17 66 47 21 24 97 27 23 16 15 71 26 14 96 60 33 75 70 27 79 70 67 87 52 74 28 63 80 40 91 29 50 17 14 89 80 76 82 13 91 40 25 69 36 30 16 26 85 52 91 23 90 33 37 34 21 63 45 74 67 42 88
87 13 53 28 94 27 52 16 53 49 79 46 71 44 27 60 26 87 36 54 63 81 64 88 14 56 31 14 69 64 32 90 36 86 28 67 57 30 55 16 87 80 44 84 24 59 69 61 69 67 10 63 44 32 50 15 35 72 19 52 42 15 71 66 20 54 81 30 55 89 64 25 67 17 48 50 27 66 93 82 45 53 71 71 93 20 41 19 94 94 61 51 50 11 49 91 10 20 44 21 65
47 11 31 72 59 33 11 61 26 50 19 56 29 97 28 35 96 69 75 54 33 19 60 94 21 47 20 86 41 98 12 41 60 29 70 42 28 95 17 25 33 59 53 24 26 94 59 49 63 14 15 37 55 31 90 84 69 53 67 56 86 35 22 80 48 76 33 55 41 82 74 81 94 45 12 83 90 35 63 75 31 97 50 79 37 81 13 37 11 16 95 95 63 36 17 88 41 92 85 76 97
74 67 92 12 22 95 52 26 93 35 33 68 96 32 25 28 74 19 50 67 56 33 62 41 13 61 65 82 52 14 28 79 28 87 23 31 60 99 36 68 61 51 49 76 79 42 64 97 71 60 19 65 88 11 77 54 12 27 96 43 17 99 67 75 99 95 26 45 96 40 16 25 13 51 72 94 60 53 53 32 79 25 72 56 88 21 14 88 20 79 20 91 72 92 97 41 26 91 86 70 35
94 16 54 43 18 95 58 92 52 90 22 27 55 29 17 89 12 16 44 24 39 91 66 65 72 76 28 11 19 41 92 88 13 59 15 63 31 88 94 79 22 77 88 61 25 52 45 52 46 32 36 72 76 90 48 73 17 61 69 33 14 35 12 89 43 22 61 77 85 28 69 96 85 93 19 25 37 89 76 95 73 54 20 97 30 64 33 32 88 42 29 42 98 88 31 75 62 65 98 71 72
65 64 25 37 82 21 51 93 85 12 45 17 66 38 22 20 20 81 13 95 39 35 50 12 35 34 20 83 28 63 92 25 49 20 74 76 38 14 97 69 49 51 40 97 76 59 78 66 70 69 27 94 41 32 63 66 96 95 27 46 51 49 40 98 60 46 53 71 16 19 68 68 85 83 57 27 63 49 73 26 90 27 90 16 97 53 98 31 52 88 58 53 97 82 55 89 37 66 63 12 86
58 40 17 70 60 20 40 88 14 33 29 67 23 37 25 36 87 61 25 65 35 70 39 94 69 26 42 21 23 59 95 62 23 46 15 48 28 74 21 48 98 45 12 64 43 50 22 15 63 11 36 74 38 85 52 31 92 31 52 73 81 70 42 96 64 27 16 66 36 51 26 70 80 36 18 58 98 58 12 24 75 43 63 71 68 59 15 66 41 64 90 33 39 63 34 44 25 40 83 44 14
96 29 87 66 82 21 76 84 37 40 20 33 92 86 78 47 77 86 10 42 79 22 15 92 88 80 36 58 97 85 86 73 26 97 96 98 22 52 24 78 44 58 19 46 39 25 17 10 13 53 78 81 36 15 24 48 65 59 43 57 11 94 12 69 40 76 14 47 35 91 79 92 96 24 26 53 13 92 60 61 48 32 50 54 30 93 95 79 85 77 18 34 80 87 50 45 97 87 98 79 29
37 23 76 27 28 54 55 63 36 96 52 68 69 82 98 45 23 38 62 36 48 72 54 22 27 31 93 30 72 94 13 14 37 98 83 54 27 22 35 12 70 84 60 25 50 61 33 53 96 17 47 44 51 83 39 35 62 48 50 44 14 64 12 96 91 52 33 92 91 75 25 31 76 14 87 98 38 77 65 41 35 87 71 89 56 42 70 39 75 56 47 43 35 69 76 39 92 44 93 19 87
40 69 84 14 32 71 91 83 43 62 71 56 18 86 80 96 39 78 94 75 17 26 70 35 52 32 56 79 72 52 87 35 19 72 37 41 68 11 41 25 70 33 47 85 14 92 60 19 22 15 74 49 75 71 48 20 48 11 60 92 68 28 89 19 64 19 62 88 25 33 56 36 66 92 47 80 56 76 75 79 54 26 21 69 51 83 17 61 71 49 16 94 85 35 19 21 53 32 77 93 91
91 35 64 77 52 54 46 39 88 56 17 64 25 23 70 66 45 30 45 54 64 67 14 41 53 77 86 20 93 46 64 38 38 38 26 30 81 18 40 41 83 12 63 20 23 64 14 66 81 88 43 77 55 91 43 41 88 44 18 89 20 75 88 24 67 34 62 75 61 49 49 67 34 44 71 44 75 16 91 53 41 75 26 63 27 22 82 54 49 97 27 24 30 96 28 14 40 46 61 96 50
68 27 27 65 18 79 65 14 63 15 18 50 30 22 17 63 66 95 79 59 68 63 16 73 45 59 67 56 51 54 21 66 81 82 16 17 10 80 78 20 28 86 77 67 16 68 96 65 80 31 38 69 51 87 39 73 89 33 76 22 30 99 88 32 16 12 27 41 23 75 37 34 44 14 96 28 61 63 67 26 46 20 54 36 94 92 29 26 95 11 82 58 76 89 84 55 87 66 75 44 18
24 66 42 54 53 52 88 58 30 22 53 85 87 89 77 34 19 64 72 23 96 84 28 71 52 38 63 83 44 65 27 26 98 31 76 66 68 24 60 75 16 88 41 12 59 26 43 48 89 59 17 86 57 67 29 38 89 48 98 73 21 74 45 24 67 78 53 49 24 33 58 34 27 76 83 35 34 39 26 22 91 36 31 68 28 63 51 33 51 73 42 66 78 33 21 47 74 47 89 56 52
66 34 58 14 66 27 97 88 66 44 21 72 92 66 98 25 89 54 67 95 24 15 63 93 33 69 11 53 25 97 51 60 89 16 21 39 51 93 60 45 90 42 58 74 98 61 87 97 56 49 40 58 62 88 15 70 17 50 62 79 58 19 64 63 71 87 18 41 15 55 82 97 36 88 15 58 37 57 46 73 16 21 79 34 30 84 23 17 29 18 66 42 96 42 40 62 58 54 27 73 61
62 74 27 95 59 80 87 49 19 37 65 60 59 66 24 10 98 53 71 29 83 38 84 64 85 89 30 82 85 44 67 66 87 62 51 51 16 89 32 14 60 88 63 38 42 79 48 90 16 32 45 26 41 25 93 40 77 57 68 70 63 34 85 55 84 36 72 66 16 96 43 56 86 43 29 24 63 72 96 81 51 80 34 13 24 16 70 21 87 23 83 88 67 34 95 73 80 83 34 84 47
16 20 36 48 21 36 61 33 34 26 48 65 84 23 51 73 59 69 51 23 56 47 22 62 44 11 43 47 26 99 31 66 22 22 45 21 28 81 51 38 74 48 39 71 44 70 16 37 98 27 33 48 21 48 81 34 51 53 59 98 80 43 90 74 96 43 44 41 18 51 35 16 29 14 71 53 11 18 77 32 45 69 58 58 77 47 29 30 62 91 86 59 70 11 94 21 54 65 24 91 32
43 74 52 96 11 71 95 34 81 19 11 61 20 92 87 47 26 50 70 32 91 34 73 95 89 54 42 16 68 21 21 53 39 83 12 33 82 12 13 53 40 41 44 11 81 77 28 47 18 59 26 63 32 43 61 24 77 82 43 14 57 37 52 83 95 91 68 39 89 24 48 47 85 54 33 30 39 94 26 57 37 75 26 69 55 78 80 92 37 29 31 94 79 58 68 70 29 48 46 39 36
61 65 38 21 62 61 70 38 76 47 17 62 49 98 41 30 59 52 16 43 90 66 18 40 74 47 98 16 23 48 81 75 23 81 24 23 50 40 31 53 98 38 96 23 55 31 16 22 82 41 87 46 76 74 65 83 85 87 87 31 35 61 83 77 82 52 53 61 70 12 35 42 72 15 75 62 25 68 18 77 37 97 71 86 53 74 67 51 99 42 43 68 93 71 24 88 30 71 90 19 15
49 77 29 67 93 53 35 52 77 40 34 95 70 19 18 46 16 32 99 21 19 40 66 70 69 76 22 38 97 56 62 52 25 64 86 32 16 40 33 14 53 87 20 92 81 68 14 18 39 21 41 47 58 46 69 44 86 49 88 83 27 16 45 69 70 48 20 14 72 86 11 95 35 38 59 51 91 78 34 13 22 90 82 72 91 16 80 49 46 14 94 66 35 52 43 67 17 43 44 65 76
11 48 98 20 41 83 33 71 50 44 84 23 14 42 93 30 51 54 67 13 81 56 28 26 61 91 16 96 87 22 32 30 46 40 21 35 76 85 33 18 30 68 45 88 88 76 14 69 69 45 70 24 56 88 46 95 58 17 20 48 84 79 30 53 53 13 58 85 83 69 83 98 90 56 14 98 28 11 22 31 28 81 68 68 88 66 87 75 28 96 49 87 87 14 47 59 28 33 96 25 99
51 84 51 44 56 66 22 19 78 66 37 54 79 92 58 68 79 37 69 53 73 13 88 88 12 51 24 55 29 36 35 51 76 93 72 25 17 14 88 86 34 34 87 61 91 27 87 91 25 43 58 50 76 87 22 18 50 95 56 76 75 22 75 97 22 58 14 74 79 84 81 58 75 26 64 25 64 12 85 73 68 83 20 86 73 88 17 90 58 74 78 71 32 41 27 88 75 32 39 55 94
24 92 37 58 64 76 66 64 89 46 25 84 35 84 60 59 19 19 38 54 65 88 94 63 24 43 10 98 28 13 34 86 37 93 45 26 92 69 53 72 59 37 88 95 55 80 13 31 54 41 68 49 72 90 91 18 62 80 67 47 85 75 17 31 26 73 75 66 35 97 74 60 10 48 11 37 31 70 60 95 55 75 56 69 19 83 73 42 18 18 49 35 77 84 14 15 63 35 46 66 69
24 68 88 24 92 52 78 30 54 13 77 37 18 65 48 33 77 34 87 82 55 91 66 66 33 70 75 29 43 47 13 66 70 93 49 58 20 72 34 83 80 14 14 65 19 66 85 23 28 84 45 44 74 95 23 79 60 84 56 82 70 93 60 85 91 20 97 63 63 11 60 65 44 14 18 91 72 33 75 79 57 61 64 90 31 68 53 47 83 92 70 63 23 41 24 88 74 46 84 74 54
22 90 52 78 72 37 79 38 97 22 42 22 12 54 81 64 76 26 10 23 44 59 49 44 92 26 14 31 48 87 41 61 23 91 43 12 15 68 10 80 65 42 39 68 69 38 12 15 38 61 56 84 21 31 24 36 83 80 50 17 51 21 50 44 19 15 84 44 68 44 93 52 47 12 17 88 12 74 51 43 21 26 81 67 14 44 30 16 13 57 77 97 58 86 54 83 55 51 72 68 38
93 89 61 38 40 78 19 59 37 39 54 68 23 73 29 51 92 42 22 59 38 35 32 16 87 12 61 61 60 98 33 96 19 90 47 52 47 25 68 10 30 17 36 10 59 47 77 35 35 22 57 85 14 32 30 86 54 39 32 37 22 14 14 75 20 92 68 88 24 60 68 73 22 85 73 92 11 70 93 53 50 67 71 22 76 71 70 33 27 67 36 55 65 41 14 57 19 48 70 63 72
50 37 71 27 72 69 96 31 40 56 25 86 67 54 11 62 77 54 20 46 70 85 36 52 75 32 50 23 27 65 42 61 86 17 44 63 53 91 76 37 84 73 48 76 36 92 76 71 93 48 68 54 80 57 59 58 26 96 39 12 19 40 15 83 26 28 19 78 88 72 35 76 54 94 68 84 40 78 51 45 47 11 91 85 25 40 94 58 65 47 34 90 27 46 40 81 95 39 19 31 82
85 14 22 45 55 67 35 56 85 73 82 24 40 40 24 40 71 47 90 88 50 42 50 84 82 30 96 18 98 46 81 66 26 49 69 31 20 30 43 70 17 26 32 51 43 67 54 62 47 69 79 68 38 37 49 40 65 59 78 78 34 25 59 81 57 54 63 22 86 71 24 13 66 95 33 79 25 65 34 75 99 69 30 22 41 74 33 85 94 30 32 68 77 29 13 14 23 88 25 34 95
48 80 88 38 95 60 98 50 13 90 69 44 66 47 40 92 72 77 87 84 23 24 93 84 92 13 60 18 11 32 60 42 14 80 29 34 26 74 64 93 60 69 14 30 81 28 10 82 71 82 41 41 38 69 77 37 97 14 24 75 60 12 27 51 97 15 46 92 72 16 33 15 78 52 49 28 63 97 95 16 55 55 20 18 33 41 37 61 54 47 69 53 83 86 71 24 12 13 23 85 99
65 86 27 61 35 28 30 41 84 52 25 73 79 51 22 23 83 13 70 32 28 24 98 81 13 90 41 71 15 87 42 10 59 33 66 96 48 91 30 10 31 63 13 51 45 52 62 17 35 18 73 64 41 78 39 31 21 79 70 54 91 72 44 43 80 64 81 63 56 97 75 51 30 16 49 68 11 74 34 32 25 53 76 64 18 87 10 49 46 42 59 22 86 39 14 29 86 56 29 79 36
50 84 11 94 69 82 92 44 53 75 54 25 30 65 73 91 32 52 21 65 15 40 84 89 55 87 14 52 20 26 41 70 82 13 21 46 60 72 64 84 47 57 60 86 22 39 30 71 55 13 74 17 21 33 92 41 91 90 76 90 70 12 27 43 50 43 96 46 31 37 27 22 88 91 90 16 93 82 38 76 71 91 31 67 98 44 49 97 65 57 16 10 25 59 98 82 86 39 98 69 17
47 82 92 20 86 87 43 54 95 25 37 66 90 58 57 58 21 39 20 21 76 20 87 96 89 11 60 71 45 98 24 81 35 51 18 49 43 21 75 86 25 88 97 52 39 73 21 96 53 25 86 42 57 20 25 79 68 65 79 77 39 46 20 84 38 20 47 86 20 13 65 45 41 81 15 89 46 28 39 40 12 26 64 53 36 39 65 69 70 22 60 58 34 71 79 95 40 60 93 85 20
60 35 61 68 73 89 63 81 11 12 57 50 93 52 54 67 46 37 13 69 70 87 43 37 33 35 36 74 19 69 65 40 44 64 41 86 16 31 20 29 52 39 37 71 93 36 35 66 28 47 60 42 53 77 14 77 31 94 18 20 39 33 23 21 52 35 81 56 59 59 19 81 51 40 68 60 73 94 15 37 11 34 98 64 85 25 63 88 31 86 69 58 95 50 61 90 98 24 42 65 80
94 83 11 32 83 39 58 94 46 91 52 14 87 79 30 89 33 50 33 33 82 73 64 24 24 90 20 95 87 78 31 28 55 28 68 74 88 30 88 86 58 82 17 20 31 97 54 10 55 12 65 14 87 54 60 21 50 49 19 93 33 55 39 10 48 83 39 60 53 65 48 58 88 69 22 50 36 75 12 58 23 45 59 19 45 29 38 23 35 17 16 43 13 40 60 47 38 96 20 48 72
90 33 36 35 91 75 15 85 28 85 11 14 48 42 65 73 36 11 12 14 24 20 25 27 93 93 14 43 93 18 78 69 20 15 31 63 29 38 69 56 81 60 68 56 18 27 62 87 14 47 61 57 73 55 76 19 35 12 56 23 87 93 89 93 68 87 93 96 10 60 79 40 88 70 69 75 11 94 67 76 36 88 65 83 22 53 37 15 76 88 94 96 95 94 53 97 84 26 26 26 85
34 65 44 51 79 24 87 13 32 94 76 50 46 60 84 69 42 29 15 75 14 53 49 64 43 89 29 90 74 59 47 74 78 96 72 13 60 51 24 83 42 98 91 33 98 31 58 66 19 81 53 31 28 52 50 52 63 73 91 19 62 39 43 10 17 15 90 60 27 38 57 28 12 39 41 36 49 89 93 60 24 33 52 44 42 80 12 53 69 94 68 48 62 62 34 62 39 70 85 48 97
95 74 42 14 21 33 93 37 75 48 93 73 49 23 97 97 18 26 63 82 76 66 61 57 89 47 38 35 21 68 27 28 94 17 43 51 11 86 17 47 36 30 27 23 74 75 64 17 11 52 70 78 41 29 32 54 16 68 96 22 29 12 68 63 80 86 66 17 60 95 29 64 50 96 72 69 97 84 32 84 84 51 17 32 37 68 26 70 55 31 29 46 89 33 72 54 92 53 54 80 11
92 32 95 18 47 22 68 94 57 62 91 46 20 23 59 31 96 17 44 36 19 28 89 81 34 94 98 47 56 11 20 90 13 70 58 77 42 55 59 42 45 26 19 90 14 72 90 31 51 79 17 13 99 33 24 25 19 73 82 31 31 45 89 43 61 21 45 87 19 95 61 82 43 64 25 38 75 18 56 65 38 90 24 95 25 81 88 51 32 95 52 52 69 55 72 46 26 82 94 57 44
49 47 61 78 35 88 84 81 53 52 81 89 82 36 23 62 39 89 18 25 48 70 29 50 59 88 32 87 58 49 60 73 85 31 14 59 77 70 70 14 54 20 87 92 20 64 38 94 13 71 40 91 38 74 56 97 22 96 93 53 71 59 87 57 76 30 80 40 68 16 19 58 66 80 67 46 50 95 42 82 57 23 94 77 24 89 82 63 46 28 65 90 98 31 42 61 42 38 95 28 80
62 39 84 10 39 76 71 50 15 86 13 89 18 31 88 95 85 86 66 75 13 33 90 56 14 44 38 64 27 86 52 48 51 44 14 50 80 79 22 93 69 40 28 66 22 40 68 34 74 83 28 21 53 55 41 16 60 17 68 25 66 34 69 98 30 92 23 77 69 54 52 15 28 12 44 21 91 82 12 17 84 69 45 57 81 65 20 79 96 51 43 16 58 26 73 30 24 30 64 12 56
21 74 95 39 60 39 15 94 36 39 14 25 29 58 58 84 80 99 83 70 43 59 45 32 69 63 78 14 93 60 48 64 70 80 80 31 87 28 96 12 80 74 76 20 46 97 42 75 29 61 33 62 50 70 21 65 27 66 48 57 68 19 42 36 15 42 38 49 84 14 63 20 89 75 31 83 25 69 45 89 51 36 95 12 15 33 59 81 18 22 23 28 93 55 10 41 96 25 54 29 67
27 19 42 68 21 81 27 69 83 83 90 57 52 83 47 23 30 54 42 81 76 91 82 42 18 97 57 78 46 89 54 92 62 16 25 75 62 57 25 12 85 92 37 43 99 66 29 24 80 52 96 69 31 88 96 17 14 91 86 46 51 52 25 59 53 39 37 22 61 77 96 36 20 68 52 65 92 32 91 88 93 13 60 45 11 47 28 55 77 15 80 39 15 71 17 74 93 14 62 67 35
74 29 89 30 94 56 30 19 66 46 33 94 30 48 55 16 47 55 47 44 26 85 63 22 34 84 92 74 25 69 32 77 88 98 95 65 53 67 72 73 18 79 30 80 85 30 10 12 40 22 88 27 61 88 25 97 35 63 84 21 21 69 76 32 37 37 58 94 72 61 74 84 21 70 93 16 20 91 59 23 38 60 43 30 74 97 38 52 64 48 77 61 16 92 34 90 29 71 88 50 97
46 18 30 91 57 92 59 25 79 98 97 56 52 74 26 26 89 58 79 85 14 30 13 24 67 96 92 49 57 63 81 60 63 76 42 22 30 11 12 87 68 66 48 71 73 70 92 13 20 62 59 82 54 94 41 94 49 31 58 43 35 89 16 17 31 55 66 98 98 56 20 25 59 51 74 82 50 28 88 60 92 81 76 39 28 90 50 86 85 82 41 47 41 48 16 61 16 30 16 65 43
16 55 23 32 36 92 34 53 35 57 72 96 59 73 29 71 74 63 45 77 94 44 21 26 91 36 36 53 56 84 93 73 70 71 17 18 31 58 30 47 75 39 15 91 65 52 91 46 93 31 68 60 32 57 15 37 14 20 16 46 17 54 84 92 74 22 39 33 82 65 90 53 27 83 48 45 28 64 95 81 69 93 62 89 96 47 72 94 91 59 14 49 10 87 49 38 84 65 27 35 52
33 14 56 16 78 31 79 76 47 28 29 10 38 93 24 71 25 49 19 77 50 62 41 41 22 36 24 63 38 68 89 96 67 17 58 62 12 37 31 31 48 87 97 24 55 21 70 53 50 83 35 36 70 32 56 26 62 26 13 80 72 23 97 73 11 63 73 42 15 26 52 52 75 20 57 60 27 75 42 61 41 49 21 95 52 50 64 71 44 40 70 31 43 33 47 74 72 54 56 28 51
68 44 39 68 79 39 74 99 41 16 64 36 42 28 96 15 80 16 95 76 56 77 99 38 69 26 94 88 69 17 22 22 68 44 32 25 36 85 21 58 45 25 96 90 16 77 35 47 75 57 24 19 65 60 95 38 76 66 58 27 87 65 40 37 82 74 70 15 90 11 80 37 36 59 34 98 31 40 62 75 30 52 75 61 93 59 62 18 29 89 90 70 35 21 76 41 44 82 85 52 77
39 72 47 75 11 50 83 93 47 13 92 79 99 72 87 72 63 60 72 20 41 41 56 46 60 70 59 62 30 56 90 76 61 91 22 72 79 94 84 55 52 39 94 96 42 65 38 19 52 51 49 81 43 73 84 42 76 35 66 68 20 86 83 25 34 84 40 43 79 21 63 81 85 70 56 80 62 33 59 54 91 41 28 47 15 33 17 56 97 68 50 86 41 27 69 88 26 33 94 92 75
96 40 45 23 57 41 45 66 85 58 84 61 77 62 37 53 12 67 21 81 56 78 64 79 57 49 55 65 35 27 98 74 23 15 59 81 81 30 12 12 31 75 58 45 59 62 69 82 47 58 93 27 39 86 15 67 72 28 93 68 69 13 95 91 37 41 42 26 51 29 65 47 28 96 21 60 48 69 38 18 14 42 62 65 87 12 22 45 29 46 36 91 70 77 77 50 12 79 51 63 13
53 92 69 58 27 89 45 95 52 76 17 51 41 64 11 29 81 88 56 76 26 37 38 60 34 19 47 65 57 15 52 33 81 65 96 84 26 61 37 30 17 45 29 42 83 92 80 13 71 16 58 22 78 56 42 11 33 75 73 93 41 72 86 89 94 44 83 11 53 14 55 48 67 54 73 34 30 41 49 88 62 88 50 34 33 19 82 46 16 57 33 14 30 84 92 32 85 70 22 95 58
42 24 96 50 90 32 76 99 45 93 47 68 91 33 40 59 81 51 23 25 87 30 10 18 91 59 12 76 37 19 47 51 43 56 93 70 65 58 74 36 12 23 48 96 13 28 97 73 44 16 13 86 75 45 42 60 26 13 38 57 38 33 14 72 17 47 90 66 37 73 25 46 45 23 90 83 36 93 17 27 12 23 75 18 23 52 47 32 13 57 38 69 77 89 31 79 49 58 84 81 44
18 33 34 51 82 93 95 63 25 54 20 79 90 98 62 77 87 21 91 48 79 85 74 44 56 88 95 31 64 80 46 67 34 84 48 78 95 86 15 43 95 37 25 77 81 97 20 66 63 96 40 53 53 87 12 23 28 80 19 44 31 64 88 97 43 44 73 16 24 15 66 67 30 20 36 13 27 40 51 79 88 65 41 54 74 87 49 87 69 95 41 92 73 72 74 67 91 45 67 46 58
46 58 20 82 78 76 48 85 32 62 89 35 73 46 55 70 23 81 83 17 95 23 56 74 61 52 73 70 93 80 89 18 62 82 99 12 56 19 44 69 90 16 26 11 13 26 19 24 20 39 40 14 21 23 89 29 81 36 27 77 20 31 83 71 32 17 36 39 23 13 83 68 37 98 57 52 58 94 79 11 84 23 92 89 49 41 18 57 35 20 52 20 56 44 60 69 95 84 28 80 57
47 78 58 31 68 42 47 50 14 27 75 22 83 22 23 64 15 94 16 65 96 57 68 90 42 31 83 80 22 56 39 98 52 18 28 70 53 49 88 22 81 18 66 59 88 49 13 54 60 88 18 98 44 71 11 14 53 46 15 87 98 65 97 13 33 73 88 78 27 42 76 30 31 97 51 35 83 13 21 81 64 73 26 36 34 68 91 14 21 14 92 63 58 14 75 14 56 63 52 50 76
11 13 28 10 87 65 91 63 24 80 40 80 22 78 50 30 86 22 73 93 54 62 28 63 66 19 97 76 86 40 97 65 43 48 96 83 60 17 54 54 52 19 78 39 79 18 54 36 67 10 87 42 44 57 56 17 43 75 49 22 61 35 30 49 25 46 68 97 75 46 62 26 51 69 38 14 48 24 82 18 95 72 33 74 74 33 12 67 41 53 87 46 49 76 48 89 23 79 38 85 74
60 68 89 35 49 90 58 23 58 92 77 68 76 42 48 64 75 79 48 24 74 65 79 78 43 96 28 58 31 77 44 31 87 92 47 23 25 90 93 38 52 93 96 83 73 44 51 47 93 84 33 37 58 37 47 19 69 58 85 52 94 58 44 14 41 84 29 53 55 62 22 25 25 23 21 83 72 67 76 53 22 38 53 36 79 43 74 83 39 18 57 15 36 47 41 43 47 86 47 99 45
46 20 29 73 48 17 96 25 97 51 31 94 98 62 42 27 57 24 53 19 31 69 91 69 93 39 99 17 47 94 73 61 71 16 24 27 24 34 36 66 35 77 74 40 68 20 12 29 76 31 37 55 25 64 41 80 98 52 86 65 28 42 26 47 87 72 60 93 29 84 42 79 94 56 65 93 92 68 52 47 63 10 54 34 30 70 13 31 10 36 87 72 43 96 54 93 27 47 99 77 48
71 62 78 41 62 65 80 15 43 75 51 89 38 27 16 77 87 33 94 59 28 67 60 76 79 44 85 88 18 17 65 43 59 27 34 39 54 86 21 96 35 58 46 61 73 85 98 32 68 52 57 98 57 43 57 47 31 30 58 14 54 43 38 68 26 12 67 67 44 57 44 23 81 38 60 94 73 43 66 61 22 35 93 85 81 15 28 61 99 33 96 23 18 91 70 76 24 58 84 93 64
22 51 61 87 98 56 83 84 49 73 32 13 20 44 45 63 98 23 38 29 72 30 37 14 84 55 54 16 58 72 62 25 65 52 77 65 65 54 67 95 31 82 43 61 46 61 15 14 93 33 90 52 59 96 34 95 33 22 16 75 24 45 88 11 75 15 88 27 87 70 29 84 72 39 90 46 94 12 67 11 89 90 31 74 92 27 69 40 45 59 78 23 72 53 79 72 32 16 45 41 73
28 80 83 93 67 93 71 44 44 61 55 55 42 70 43 65 84 82 40 22 73 35 58 28 33 58 23 87 14 61 82 97 17 25 60 71 39 27 53 26 26 33 76 11 65 59 27 17 32 67 35 30 88 21 75 65 94 57 85 39 69 96 31 24 78 68 50 25 19 89 86 86 57 29 58 11 23 19 95 12 39 41 84 95 78 30 89 58 17 53 22 51 76 30 90 77 50 27 55 30 59
37 30 18 58 88 92 18 33 72 91 54 80 11 15 96 77 95 67 51 62 15 83 26 32 68 56 55 49 25 32 96 16 90 30 31 31 58 17 28 17 91 47 67 17 30 68 75 80 20 58 82 85 54 21 51 92 14 43 65 90 13 24 68 79 60 49 14 86 38 88 44 63 37 61 94 28 83 93 30 28 70 53 27 41 47 78 75 97 29 23 94 33 92 91 71 55 78 26 84 95 55
14 42 63 52 21 72 77 84 34 25 28 17 42 74 50 86 48 11 16 28 49 72 66 41 11 96 74 15 76 37 51 49 83 70 61 86 45 70 85 64 68 66 51 28 32 80 39 11 24 68 37 71 35 85 79 42 14 31 96 19 35 42 87 41 49 69 90 42 76 61 91 77 32 82 92 23 94 77 98 80 38 36 42 84 13 18 95 26 19 20 83 18 44 68 95 18 51 71 65 55 61
79 74 98 98 60 59 20 34 34 97 10 69 66 90 94 32 75 29 52 77 64 85 66 81 48 28 85 55 29 57 65 48 41 39 88 50 55 19 97 30 69 77 55 36 33 30 20 78 99 35 78 83 91 68 14 71 56 92 28 85 70 81 45 91 68 59 27 60 24 57 41 88 54 16 25 47 74 49 71 88 86 49 41 66 38 29 79 29 13 46 25 74 23 62 81 69 46 67 25 31 13
82 51 39 46 88 70 21 41 80 28 26 20 69 55 44 39 93 45 14 12 22 11 68 17 14 18 63 11 39 66 80 66 70 67 86 93 54 32 62 29 26 53 72 36 76 27 94 53 43 80 56 22 97 33 90 26 67 37 14 40 25 67 73 41 37 82 95 69 95 70 36 42 36 74 33 88 86 44 15 70 42 64 11 33 30 77 70 60 20 33 92 25 72 45 55 16 24 62 11 60 69
64 14 51 79 56 47 90 60 49 23 78 57 18 61 65 67 41 61 15 39 64 31 60 16 83 77 34 24 17 49 70 92 12 24 15 31 55 90 86 23 89 25 37 89 97 30 97 19 78 11 33 36 84 95 16 31 79 81 36 72 22 92 24 75 60 38 98 75 87 77 55 48 75 96 72 77 40 61 74 49 83 49 67 53 50 90 61 59 70 57 60 72 51 86 90 95 15 11 86 75 53
55 75 17 72 23 98 67 22 92 80 14 57 46 25 11 62 70 60 47 69 13 28 99 98 42 39 34 41 55 38 99 40 37 75 85 82 44 48 12 99 24 96 77 14 41 69 92 50 24 83 51 78 88 55 95 44 46 40 53 63 94 87 68 75 57 67 90 27 28 41 49 18 26 28 62 55 22 84 50 85 21 27 15 62 50 66 39 33 28 28 79 96 59 46 89 33 99 67 86 47 53
47 19 65 19 52 55 86 47 45 37 29 22 68 98 26 41 47 43 61 86 26 14 76 48 38 87 10 98 68 89 95 41 68 25 61 28 70 21 96 61 49 76 93 45 62 33 36 49 98 65 22 35 61 44 97 61 77 57 32 58 19 77 79 36 69 81 23 46 74 23 23 58 25 34 21 27 52 54 65 75 37 52 90 21 92 38 48 62 46 22 47 89 31 92 40 97 16 24 41 79 70
20 68 89 61 28 18 51 22 54 27 38 93 46 42 20 77 85 56 86 68 89 19 79 63 98 55 11 96 12 13 26 49 84 36 66 66 13 92 61 99 91 55 49 51 40 15 82 50 93 16 26 41 18 32 75 52 90 92 94 49 56 60 58 33 30 96 60 97 95 91 11 64 31 61 37 85 67 79 18 27 43 38 65 80 23 60 80 49 88 48 74 72 86 11 29 26 43 77 89 86 13
16 96 95 73 96 72 73 22 45 44 47 47 71 80 38 56 54 23 57 76 41 22 70 33 99 42 80 69 76 34 11 90 81 64 16 11 94 87 69 33 33 44 43 64 40 52 33 74 78 76 56 12 15 19 84 62 26 62 79 79 25 45 43 16 26 42 61 92 20 52 38 12 88 91 80 19 81 32 37 53 98 47 42 53 19 64 66 68 18 29 11 86 68 42 36 52 78 37 15 70 91
77 49 54 43 21 63 83 75 30 54 52 57 59 64 69 40 74 69 74 15 28 74 60 87 98 95 84 83 93 81 25 40 61 38 43 91 67 14 75 56 73 33 93 98 55 84 48 15 69 25 96 23 39 49 83 17 64 16 42 40 90 26 58 42 95 40 56 39 22 71 42 87 87 97 40 83 21 30 56 27 38 71 91 91 43 50 79 68 18 30 75 38 55 75 48 79 81 12 22 33 23
78 56 67 91 67 17 58 68 93 21 26 12 19 70 16 33 32 38 75 16 79 68 33 67 77 88 18 40 67 25 19 16 28 43 16 49 91 35 85 27 77 93 77 78 84 62 91 48 29 32 27 17 76 27 87 45 85 17 17 18 72 89 62 22 14 86 55 61 49 30 37 90 83 45 54 57 99 69 75 37 79 74 99 68 75 27 70 35 67 19 16 36 69 49 85 39 63 43 12 78 35
14 86 83 82 93 15 79 45 30 17 74 21 65 58 79 53 26 18 77 16 65 66 16 17 55 51 62 11 26 61 51 87 55 54 11 37 21 66 12 57 67 88 46 94 50 69 44 33 74 62 14 61 28 77 60 61 35 83 93 98 30 63 30 14 54 59 95 47 55 35 92 11 63 30 54 59 38 40 72 56 32 16 75 56 91 83 34 87 67 46 32 25 88 38 43 94 48 98 38 24 29
77 65 62 20 75 24 93 58 32 83 62 86 34 34 89 37 57 97 57 55 40 25 90 93 21 61 52 77 31 87 61 78 31 83 45 47 75 14 49 36 40 14 58 85 15 93 66 12 12 57 68 62 81 56 37 15 26 13 87 82 90 59 71 55 47 80 41 31 78 73 59 15 14 83 30 93 40 34 89 94 94 90 48 17 54 22 85 14 71 21 13 24 61 63 50 92 80 27 26 37 56
55 87 31 37 39 31 25 81 32 43 68 43 83 64 75 24 25 18 73 72 18 60 50 80 58 61 10 38 31 48 68 17 74 25 27 43 42 68 52 72 69 76 16 72 83 96 64 49 53 74 89 91 55 79 89 67 70 48 42 14 71 68 11 93 69 98 79 15 14 31 82 23 97 43 70 26 77 71 40 47 61 25 92 14 18 69 70 33 97 69 19 25 61 70 45 60 51 42 83 24 69
43 44 99 72 79 95 59 19 67 13 85 57 39 86 28 76 51 98 20 81 48 41 46 69 17 42 77 81 37 57 62 98 19 85 62 65 53 65 35 72 31 14 48 39 44 34 47 80 48 28 48 40 36 48 69 65 92 80 35 75 68 58 57 22 50 15 73 75 88 54 88 72 98 27 50 37 75 38 81 40 72 82 87 62 84 73 40 79 78 52 19 55 83 38 53 38 88 54 15 34 40
18 12 19 46 81 85 16 24 80 65 74 50 15 83 79 22 66 66 73 36 48 55 16 68 16 60 87 52 33 11 75 17 57 21 77 20 91 57 15 65 57 52 14 22 70 14 29 78 43 13 27 21 14 58 71 37 35 30 13 95 35 76 99 31 46 56 42 77 48 48 65 82 48 95 17 50 81 41 98 78 81 49 24 71 78 38 11 37 53 42 27 65 42 27 13 68 39 11 34 72 15
13 91 93 61 63 89 79 49 67 61 58 82 84 24 15 57 54 52 95 78 81 14 57 97 93 64 84 29 12 12 52 32 28 47 76 57 81 74 28 65 67 88 41 69 99 80 18 60 11 70 50 31 38 41 27 89 59 24 49 66 46 75 48 60 65 98 29 64 78 74 95 30 30 59 48 61 50 83 50 16 14 27 27 33 57 22 24 16 71 20 38 37 27 34 75 38 89 89 20 75 60
78 63 79 27 67 46 50 93 89 17 60 74 84 30 87 49 64 48 35 82 32 45 35 86 27 46 88 95 38 11 78 92 51 18 63 55 52 25 34 21 64 55 47 91 92 99 20 94 25 91 76 19 85 25 72 17 45 33 68 98 20 15 19 18 67 93 15 27 67 31 52 68 58 73 16 27 33 35 52 87 48 27 65 32 57 26 71 24 56 76 82 15 74 16 34 67 60 11 24 22 98
41 61 92 68 55 55 37 92 63 31 14 50 87 38 71 68 40 90 49 44 51 32 62 98 94 63 66 90 53 40 49 38 22 98 98 60 48 22 13 94 16 39 23 89 86 98 31 88 75 59 37 88 69 94 67 66 62 77 58 68 38 31 53 98 34 79 80 65 83 18 79 55 45 94 14 73 91 54 47 96 52 58 53 93 25 99 91 21 68 15 27 23 27 19 53 96 73 81 41 28 33
44 85 41 82 76 33 45 57 77 64 95 29 83 63 72 72 20 67 83 96 92 43 51 45 23 31 29 20 89 26 33 43 86 64 65 21 90 84 18 40 86 75 29 77 24 25 24 65 79 38 26 15 14 34 99 12 46 98 20 90 16 36 45 16 73 36 78 79 72 15 97 53 31 82 72 16 76 33 79 90 27 69 31 58 41 68 16 98 73 36 63 47 19 89 68 63 39 11 61 65 22
21 18 87 57 43 60 54 22 82 99 65 86 98 44 80 11 71 79 90 64 34 22 65 11 82 66 73 17 59 15 13 46 91 66 28 41 92 60 83 95 59 17 17 73 19 56 53 82 50 52 41 91 88 70 79 64 22 86 44 47 14 53 59 69 90 12 91 92 96 75 32 41 57 43 75 73 24 72 83 12 97 51 12 34 49 84 50 35 44 36 55 53 39 57 91 43 80 96 26 45 15
73 67 23 25 58 41 91 57 72 35 15 32 18 74 50 36 47 15 36 27 54 57 88 53 33 81 88 67 82 37 83 61 47 98 70 57 37 73 76 84 76 82 33 59 10 79 59 64 61 63 28 77 62 45 33 39 29 72 66 20 29 62 52 90 78 60 43 46 20 27 44 55 62 94 47 43 53 93 55 86 78 58 77 50 92 64 72 62 83 95 76 55 46 33 81 70 94 33 50 46 45
61 42 65 56 20 30 26 49 31 57 70 56 33 95 45 17 78 52 81 76 71 56 98 33 18 12 49 72 19 95 42 81 17 18 59 13 15 80 93 21 30 30 78 42 28 24 22 25 55 49 63 64 95 40 56 71 94 70 24 23 96 46 32 58 65 56 11 91 66 54 72 80 48 41 19 28 18 52 64 10 98 87 15 37 75 89 59 59 52 19 83 54 66 72 70 62 76 13 31 97 35
64 96 74 42 16 61 98 26 81 78 90 67 27 32 76 29 22 61 35 22 18 51 10 87 71 89 50 39 17 50 36 60 70 40 79 28 41 39 49 40 55 57 64 91 19 68 38 94 19 44 14 16 32 86 42 25 37 46 79 64 78 75 83 79 39 26 99 85 20 64 11 50 10 75 92 79 68 67 31 18 90 71 12 29 46 31 41 30 86 61 52 74 18 31 42 96 18 20 43 18 51